-92.926842	12.941312
65.796807	-162.229709
-81.132082	121.413022
-85.523806	137.173724
-124.988754	85.242472
-43.117225	147.113709
-48.307914	-29.941388
-88.163884	-2.348568
-52.848368	130.047635
-93.401285	-4.973523
79.016379	-136.703332
-149.379667	150.690005
-84.794375	150.756889
-46.264737	-29.649393
-58.901768	-26.972524
-93.043268	-13.652711
-121.01482	177.666542
-90.337769	123.351042
-137.239921	150.008304
-60.846341	141.250648
-68.939998	-27.078768
-71.256636	-5.869585
-124.066088	13.093834
-79.543478	22.760207
-145.147333	-13.785012
-95.382956	4.019103
-129.20364	149.610512
-90.420484	-47.843239
-162.690692	160.590593
-75.672377	128.314863
-96.182611	-51.708083
-144.617632	108.25721
-68.623235	144.702789
-35.550444	-64.336294
-54.122543	-38.858768
-57.350038	-49.095325
-48.483298	-63.46084
-38.667555	-55.324553
-62.058306	-37.4339
-66.933577	-47.138195
-55.668295	-36.416786
-63.041542	-44.386373
-53.56942	-57.365606
-44.654567	-49.446881
-51.288005	-42.536935
-66.599429	-39.515455
-63.876955	-48.013967
-56.5006	-52.923067
-62.392503	-18.615769
-56.190036	-46.583396
-86.420869	-51.809997
-88.193722	-25.173352
-56.434776	151.516345
85.663037	9.247443
-139.149142	162.012845
-65.447586	110.44577
-101.248047	138.35502
-105.463123	112.702024
-93.699976	115.618305
-108.382671	131.589843
-109.961479	130.627636
-93.995417	109.567964
-93.722019	67.409109
-65.621999	-102.574218
-109.143741	11.702525
-170.145355	178.494853
-125.118391	-30.991051
-36.991754	-53.955253
-62.263078	-46.940887
-50.462824	-58.232078
-51.094951	-52.567425
-56.826785	-50.748631
-55.141825	-51.025015
-54.010376	-32.776752
-64.258897	-33.376645
-73.241473	-38.251293
-67.121202	-50.609131
-47.173915	-56.482199
-49.341938	-24.223393
-90.530297	-27.370248
-79.040553	3.065066
-72.143402	-34.644781
-78.168283	-5.833295
-70.689666	142.189642
-76.505886	5.54207
-146.458103	129.519381
-75.889689	129.110421
-120.198467	134.742325
-69.194513	166.399351
-140.501415	142.796376
-122.490067	137.600965
-116.748909	133.193696
-140.158198	162.674491
-130.545172	125.271889
-130.925182	119.558445
-94.185915	133.303362
-132.641849	-26.307085
-45.387767	84.482204
-76.442653	-136.662968
-96.916682	-84.580221
-97.661249	-94.769739
-149.356276	-57.823176
31.558377	48.361332
49.388036	176.349599
132.238189	152.283276
-111.337439	165.80103
23.786366	-52.570408
-41.826458	-70.913304
-137.585189	101.019842
-178.451353	-88.157422
-72.780062	-37.920208
-87.270657	13.248048
-106.755579	22.092137
-115.524989	-17.593558
-58.189304	-45.568709
-86.587574	7.147522
-96.295426	-15.121528
-75.892535	-12.030581
-50.804659	-42.834151
-91.036553	128.031135
161.142941	118.329029
61.599383	14.708826
-95.453383	166.499367
-107.522786	114.00289
-103.164677	147.13768
-134.301055	113.343313
-98.886903	126.155841
-112.519999	132.265441
-128.021051	163.584003
-94.191809	-51.25406
-144.446191	128.618974
-101.476788	127.307803
-109.623619	-89.063768
-72.493549	-35.218019
95.283715	6.490617
-64.016045	-53.48446
-48.629502	-49.116935
-56.611995	-48.348147
-59.609994	-37.95595
-72.688409	-16.19209
-88.81809	-41.521329
-52.589028	-45.725024
-54.560783	-67.438228
-46.058325	-49.006999
-67.456193	-50.779661
-51.723397	-21.982196
-61.019846	-56.456345
-47.133675	8.328636
48.855174	78.445529
-95.975999	157.608089
-70.494878	-30.515745
-174.066988	130.123769
-110.094129	136.539358
-148.406892	135.393153
-113.164345	142.067663
-127.816501	114.465476
-108.465842	147.652399
-82.168658	-43.500576
-135.556437	157.172994
-150.324081	121.766813
-83.282215	140.349952
-85.898083	117.714651
-152.307727	154.710243
-79.47461	-16.740339
-85.414693	12.77789
-94.745214	133.615473
-67.319105	2.953148
68.701011	24.583907
-74.91426	142.985349
-131.81905	118.729918
-53.364732	-178.516948
-92.514252	-35.592026
-127.064231	116.52558
-108.387077	133.346067
-75.439348	-53.403879
-152.20646	143.115227
-104.643665	120.792903
-118.845605	177.119835
-83.471812	159.16113
-58.226489	59.552652
-113.248105	154.031779
-92.845255	112.586304
-114.463793	162.257456
-147.26059	160.321622
103.262031	159.510235
75.268806	-81.451517
-110.77662	-26.686356
-95.335931	131.540113
-113.708061	165.484942
-132.919678	101.379018
54.983959	44.093229
66.42358	14.956106
-105.272126	162.617247
74.065805	4.160704
-56.354127	-35.750892
-94.546065	-1.61727
-83.032638	129.321386
-94.048806	-28.109594
-90.022556	152.518784
-89.340669	133.951612
-140.892485	175.329031
-98.0103	129.730535
-73.3046	164.947156
-104.772573	168.975229
-66.071792	-43.696124
-56.987363	-64.056909
-60.657424	-29.319241
-73.982993	-39.84915
-82.596668	-16.817859
-90.241313	-22.358748
-101.533289	83.458671
-128.22371	-178.038839
-66.498746	-11.169108
81.683723	-164.401138
-85.909694	108.990135
-80.306957	130.072275
-110.258616	127.448839
-77.376964	156.611043
-60.967241	-28.384586
-97.256954	13.835243
-63.846334	129.445312
-87.816695	-21.855571
71.338066	-155.176242
-118.509783	156.439437
-59.266169	144.953827
-59.716498	-14.009251
-88.344453	-10.12011
-75.561415	-15.562244
-136.625782	-171.537056
-96.599629	114.207655
-126.040964	134.303891
-57.841958	125.183064
-54.817039	-20.520348
-74.768067	-11.321092
-110.669331	14.928251
-70.99865	-10.103832
-117.609653	-10.018394
-89.021337	-22.562602
-108.061591	147.022265
-102.39184	-42.530179
-155.938204	154.877092
-84.244193	133.929347
-110.709411	-44.250692
-133.492349	98.830801
-64.382343	146.049005
-43.349741	-49.442469
-69.085052	-32.708979
-62.669146	-36.310372
-68.057476	-49.123646
-49.5851	-58.490234
-65.729909	-44.56308
-58.062298	-33.394984
-73.08112	-31.021851
-59.843613	-45.939255
-68.1446	-38.17824
-52.127972	-51.219695
-46.451448	-49.698296
-57.044164	-55.28398
-58.862445	-30.167435
-63.00935	-54.213716
-62.214299	-33.330755
-48.539859	-51.035635
-97.960927	1.047696
-129.016478	-7.979308
-66.916486	165.032486
101.40772	-39.933464
-129.485027	157.363602
-46.710693	137.072906
-135.564454	159.536303
-118.443905	102.426862
-88.775595	115.607338
-113.79195	138.112638
-101.39151	129.171193
-67.51452	138.675518
-72.233386	12.106124
-27.94123	-45.596518
107.483152	32.89963
-131.432124	56.79357
-52.389175	-27.442545
-50.904394	-50.064434
-70.374305	-38.586261
-57.952131	-42.205129
-65.004247	-62.894404
-48.299169	-32.652139
-80.311258	-33.456567
-69.180297	-35.158014
-58.997479	-36.392056
-82.60484	-37.54566
-63.044193	-31.987752
-66.737381	-39.475043
-70.395063	-16.029735
-83.433038	-30.840713
-70.366069	-26.011577
-64.194926	-41.323395
-60.712671	-12.442283
-60.26062	149.99315
-85.511781	-34.498231
-113.417268	149.902936
-72.224525	144.889994
-138.503031	116.679259
-64.782103	161.856184
-158.410528	140.210288
-119.723578	145.306121
-118.402068	142.182083
-172.251504	161.359078
-105.561554	146.640685
-99.388541	111.192209
-74.239168	114.556741
111.546305	142.702304
-169.873485	62.635215
104.607826	40.542085
-58.386591	-83.047267
-177.209649	-176.247547
80.108554	-115.827689
-67.836748	6.169893
-90.689161	3.181262
-124.111695	-42.090845
-54.1281	-20.700348
-142.257329	-79.518545
-43.046971	-50.193857
-95.88951	1.919425
-86.208754	5.175914
-79.213318	17.884377
-98.54305	-0.948883
-68.436855	-23.631555
-74.033753	-16.189786
-94.569309	-24.182604
-46.96931	122.609386
86.264772	-17.154791
-94.632628	159.454945
-90.800705	116.203515
-106.127364	143.199729
-131.701685	117.244816
-101.354882	139.254657
-124.46854	112.518715
-115.676208	159.222033
-91.404946	-57.859688
-126.505579	139.307412
-107.608486	134.026833
-112.626051	-90.522587
-82.787976	-15.736129
87.747821	-15.588814
-41.136359	-58.866997
-46.445276	-49.36403
-71.100148	-46.9
-61.510003	-40.463119
-71.266607	-15.13421
-84.534649	-29.339089
-74.473227	-34.329979
-47.184187	-54.980242
-75.088876	-32.671434
-69.438722	-27.563758
-60.715848	-46.156988
-51.222591	-23.83775
-81.671235	-4.413482
55.430044	51.772557
-63.281473	155.816407
-71.338768	-22.462159
-178.946249	146.242071
-141.356919	116.67949
-108.774018	160.065681
-136.613633	106.683031
-95.315204	140.511208
-140.204752	149.070617
-81.756456	-37.914974
-132.19951	141.263921
-131.103964	94.11214
-62.067397	136.84146
-97.800172	106.348816
-128.183544	148.523876
-65.521331	-22.277504
-83.604783	9.558085
-61.700811	144.720189
-105.395054	30.204123
79.227264	-4.129135
-70.000964	129.905752
-130.482861	101.526855
-59.366064	162.615284
-78.886358	-26.224035
-126.725663	120.100667
-120.321794	132.288643
-83.670555	-52.84541
-143.913604	145.795976
-115.913874	124.174279
-115.730308	162.728272
-66.297972	169.530033
-83.09738	92.778864
-137.972358	165.732155
-97.822992	105.605847
-102.369888	154.745548
-139.808991	169.169538
103.866346	163.277791
60.033128	-96.601915
-122.02055	11.825968
-108.228417	139.325291
-128.157296	178.871048
-144.102726	107.398193
54.701232	33.629453
81.359738	3.105571
-104.648757	160.274489
79.309546	16.350268
-73.928789	-21.963342
-94.53496	8.191052
-109.081103	121.347025
-106.533709	10.410856
-105.312709	146.115841
-82.172016	115.686155
-124.014608	166.947781
-94.431137	141.447726
-89.961827	155.00782
-95.348761	156.259405
-50.587941	-39.537886
-66.539	-47.995352
-55.161401	-51.899098
-58.44308	-19.052723
-76.912505	-63.602514
-65.047072	-19.101878
-101.021965	114.906661
-168.783005	-116.244225