84.82 2.11
108.61 1.33
87.98 2.27
84.82 1.46
84.82 2.11
84.82 1.46
84.82 2.88
84.82 3.11
118.96 1.21
31.82 9.29
84.82 2.53
84.82 2.46
26.3 4.5
26.3 4.54
26.3 3.78
26.3 4.54
84.82 1.15
87.98 2.31
84.82 1.81
87.98 1.31
93.81 2.68
94.05 1.16
110.88 1.8
31.82 9.29
59.8 5.5
59.8 5.61
59.8 6.0
31.82 9.31
31.82 9.79
31.82 9.41
31.82 9.21
59.8 5.4
59.8 5.5
84.82 2.77
31.82 9.19
59.8 5.42
149.21 2.96
93.81 2.51
103.04 2.6
93.81 2.73
93.81 2.09
93.81 2.01
93.81 2.59
93.81 2.73
93.81 3.24
93.81 2.89
105.84 2.58
149.21 2.26
89.1 2.97
93.81 2.4
110.88 2.05
89.1 2.97
84.82 1.21
67.75 1.82
84.82 2.77
84.82 1.15
84.82 2.42
84.82 2.42
84.82 0.78
84.82 1.81
84.82 2.08
84.82 1.81
87.98 1.96
31.4 1.34
31.4 1.34
22.61 1.68
22.61 1.68
93.81 3.35
84.82 0.9
84.82 0.12
97.96 3.5
106.17 3.53
104.14 2.98
22.61 1.29
22.61 1.29
106.95 1.78
120.11 1.16
106.34 2.02
110.88 2.32
93.81 3.34
137.86 3.91
93.81 2.93
106.17 3.33
122.91 2.92
90.9 2.06
30.21 2.95
70.67 2.36
70.67 2.36
111.13 1.77
59.3 2.85
103.04 1.96
155.9 5.47
16.13 1.85
24.92 1.51
134.33 3.62
134.33 3.87
134.33 3.62
48.47 0.87
31.4 0.95
31.4 0.95
70.67 2.5
70.67 3.66
70.67 2.8
113.18 1.56
97.99 1.72
70.67 2.64
70.67 2.5
38.69 4.09
43.37 4.24
111.13 1.77
134.33 3.48
134.33 3.23
122.3 4.61
122.3 5.39
122.3 2.27
134.33 4.79
122.3 8.51
79.53 2.03
131.53 3.98
131.53 3.47
26.3 5.07
29.46 5.49
75.01 1.54
72.19 1.42
141.34 1.31
111.13 2.08
122.3 3.83
122.3 3.68
108.82 -0.03
74.57 2.51
58.44 7.22
251.67 1.77
125.54 5.52
125.54 4.74
122.3 3.05
125.54 3.96
125.54 3.18
162.02 3.98
134.33 3.62
134.33 3.48
134.33 4.65
134.33 3.48
134.33 3.48
122.3 4.22
122.3 3.83
102.4 5.72
122.3 3.29
68.53 3.93
48.47 0.87
48.47 0.87
48.47 0.48
48.47 0.48
122.3 3.68
29.46 4.86
35.53 4.3
88.16 4.4
61.86 3.06
96.0 2.34
102.4 6.11
102.4 5.72
134.33 3.23
135.56 0.73
72.55 -1.52
147.59 0.13
133.79 0.64
124.56 0.81
104.22 -0.27
108.82 -0.42
91.75 -0.79
83.8 1.47
74.57 2.99
359.52 -3.61
151.37 2.93
136.59 0.22
108.82 -0.03
118.05 -0.45
74.57 2.99
74.57 3.53
74.57 3.54
65.78 2.72
122.46 -1.52
134.49 -0.98
142.69 -0.04
65.78 1.7
74.57 1.95
74.57 3.92
105.9 3.72
122.46 0.39
148.48 -0.16
168.71 -0.46
56.03 3.8
105.9 3.81
59.27 3.65
82.05 3.05
74.57 2.43
74.57 2.75
120.43 2.36
122.46 0.25
115.54 -0.1
118.05 -0.45
74.57 2.98
76.26 2.69
76.26 3.08
76.26 3.47
76.26 3.86
68.06 3.31
39.94 3.57
77.58 2.84
77.81 0.76
46.01 1.96
82.05 3.83
82.05 3.44
74.57 1.58
12.03 2.06
74.57 2.82
86.6 1.59
23.06 2.42
74.57 1.27
105.9 4.11
74.57 2.38
97.33 4.23
58.64 4.68
49.17 3.29
30.71 3.86
30.71 3.7
30.71 3.86
30.71 3.7
87.46 2.86
74.57 3.4
74.57 3.14
74.57 2.92
149.58 2.19
25.78 2.91
51.56 3.56
63.59 3.16
55.98 3.85
55.98 3.85
61.55 2.8
78.87 4.64
83.82 4.41
103.12 3.63
80.26 4.03
78.87 4.64
82.05 2.66
105.9 3.33
105.9 4.5
33.12 4.25
55.98 4.16
55.98 4.16
55.98 3.85
55.98 3.85
55.98 3.55
71.78 4.19
34.48 6.31
34.48 6.17
45.48 4.56
55.98 2.05
45.48 4.95
77.57 3.59
158.79 3.75
68.01 3.36
39.19 4.54
50.19 4.45
29.96 5.99
29.96 4.96
29.96 4.57
94.36 3.17
54.46 4.21
12.89 5.32
51.22 4.05
42.43 4.39
68.87 2.94
55.98 5.21
65.21 3.56
55.98 4.31
55.98 4.85
55.98 4.2
82.45 2.84
41.99 6.66
36.74 5.01
40.46 7.84
99.13 3.33
37.91 3.03
27.82 2.58
28.15 2.91
212.74 3.21
289.75 0.8
12.89 4.76
89.9 3.35
40.46 4.92
37.38 2.15
132.76 0.37
102.29 3.37
95.42 2.96
77.1 6.61
91.24 4.12
131.46 -1.03
106.74 0.84
102.14 4.53
81.18 3.2
37.38 2.15
37.05 1.82
91.24 4.12
147.95 -1.5
127.72 -1.21
73.05 2.87
99.07 1.57
55.98 4.34
37.05 1.82
37.05 1.82
121.49 4.12
55.98 3.82
69.12 3.45
81.76 2.71
78.35 4.21
55.98 4.16
278.17 1.28
239.79 2.35
93.06 2.76
40.46 5.06
40.46 5.39
92.5 3.59
43.09 4.46
117.59 4.16
78.35 3.03
40.46 5.99
98.98 3.13
111.23 -0.74
28.15 2.14
75.19 3.26
75.19 3.15
212.74 1.79
40.46 7.07
177.1 -1.67
27.82 2.58
27.82 2.58
289.5 1.06
250.79 1.88
213.77 3.42
93.21 3.24
84.42 2.81
156.87 -1.39
37.05 2.58
40.46 6.6
40.46 4.79
27.82 2.58
16.96 1.82
55.98 3.85
37.81 3.87
38.67 3.8
28.15 2.91
28.15 2.91
91.24 4.06
94.38 1.06
113.46 0.78
16.96 1.87
212.74 2.43
27.82 1.81
104.55 -1.69
91.24 3.67
93.23 1.72
26.02 2.3
152.95 2.78
27.82 1.81
75.19 2.81
23.55 3.11
47.56 1.23
115.65 3.84
131.75 2.64
41.81 1.63
84.42 3.16
44.48 2.2
30.49 1.96
40.46 7.2
28.15 2.91
135.88 3.54
41.81 1.67
78.35 4.87
25.78 4.71
25.78 4.55
321.96 -5.89
255.23 1.1
250.79 1.88
289.17 0.8
37.38 2.15
37.38 2.15
37.05 1.82
115.65 2.1
102.14 4.09
29.1 3.03
38.33 2.21
121.49 4.57
115.54 -0.74
115.65 3.57
47.56 1.86
125.68 2.46
164.37 2.34
44.48 1.61
44.48 1.61
158.79 3.62
84.42 4.84
84.42 3.66
55.98 4.57
37.91 2.72
111.83 1.21
93.81 2.31
91.24 3.67
78.35 4.28
102.6 3.14
75.44 3.31
12.47 7.13
12.47 8.31
12.47 10.26
15.71 3.13
77.1 6.78
75.19 2.5
62.3 3.76
49.41 4.47
6.48 4.69
92.76 2.94
6.48 3.77
49.62 3.03
62.3 4.17
103.6 2.75
12.47 7.53
75.19 4.21
84.42 3.27
44.48 1.61
26.02 2.18
102.6 3.08
93.81 3.1
6.48 3.12
6.48 3.9
75.19 3.82
102.6 2.36
26.02 2.07
40.46 5.99
40.46 5.55
12.47 9.09
115.65 2.49
115.65 3.27
102.6 2.75
62.3 3.71
40.46 6.31
102.56 0.3
12.47 9.87
93.06 2.76
116.59 0.93
12.47 8.16
12.47 7.92
149.83 -0.5
115.65 3.96
12.47 9.48
62.3 3.86
47.56 1.44
47.56 1.49
75.19 3.57
75.19 2.5
26.02 1.58
12.47 8.7
6.48 4.73
93.81 2.31
122.83 0.55
88.1 4.31
104.55 -1.68
142.69 -2.3
145.91 1.43
6.48 5.07
111.83 2.64
115.65 3.12
123.2 -1.06
135.77 -1.52
135.77 -1.52
73.56 1.75
12.47 6.6
115.65 3.51
102.6 1.58
12.47 9.72
113.46 1.95
84.42 3.66
12.47 7.38
24.06 2.68
158.74 1.73
12.47 8.94
93.21 3.63
6.48 3.08
96.89 4.39
6.48 3.37
99.13 2.94
133.57 -1.96
121.49 4.12
88.1 4.74
102.6 1.97
102.6 2.36
102.6 2.36
120.45 1.02
91.24 3.98
